421.778461 185.734081 410.426279 175.687145 5.831590 
409.032513 156.497858 413.755583 167.862944 3.073082 
452.018621 166.874604 439.398002 168.325130 2.090010 
359.168310 439.472300 365.600724 453.136428 8.981460 
416.720769 195.526029 422.156350 187.055545 7.364157 
457.943713 159.259178 453.658778 165.966025 2.827714 
374.332469 456.132990 389.426176 455.267836 9.021786 
430.913095 168.939005 438.301526 152.638435 3.718720 
210.624768 449.490436 269.374530 449.608629 7.557824 
426.990824 189.807197 438.500861 197.567527 6.242100 
368.287792 452.916317 374.598130 457.838971 7.786568 
394.221493 457.812374 405.740631 452.156180 10.629103 
356.548355 186.364031 339.587108 197.206799 6.732695 
368.119152 199.664983 364.029746 181.954721 8.525667 
345.139230 377.319135 360.790662 394.437813 10.226947 
305.406773 377.313115 268.381067 358.870428 8.942565 
373.273455 418.149365 361.626556 440.495510 10.070284 
352.937975 253.782316 336.354998 280.599379 15.443878 
439.355721 151.804472 450.777336 148.682277 3.356099 
268.161618 450.219413 280.655506 450.495749 5.191954 
279.230049 449.012372 296.152456 443.491844 11.108286 
217.916942 374.323257 206.574808 372.353878 8.030965 
469.320616 159.572764 457.583247 156.345051 4.565352 
415.136402 153.173691 412.879367 130.524911 3.727210 
448.067109 183.725016 435.665485 184.829562 4.869394 
250.560669 426.811490 233.173786 444.423163 8.062648 
389.503128 189.524547 380.030658 197.640268 6.103360 
417.641288 162.501558 411.480398 154.929059 4.995132 
359.934418 395.381149 365.141734 401.187352 8.183178 
260.615500 376.140642 227.411190 366.955395 14.328725 
228.097517 426.681944 243.146975 426.528363 11.287681 
431.634725 130.600447 429.586255 150.646588 2.995340 
384.607265 159.695869 375.303338 166.430631 3.427331 
409.766444 129.381209 409.409954 151.855727 3.848653 
428.126579 195.632391 415.405973 198.349643 5.673053 
420.200255 150.640900 419.542580 133.071934 3.420058 
271.412268 387.257345 258.957993 375.956950 8.742658 
334.205070 300.155474 329.261582 304.237651 7.039089 
227.170513 441.107075 219.491174 445.814517 5.156950 
401.878796 171.775855 394.610743 179.694017 10.672503 
408.958627 424.260178 406.208619 404.294614 7.214914 
217.562885 442.126510 221.377622 431.693144 8.331664 
234.497860 375.936203 216.385245 373.565816 9.545236 
426.693920 437.039838 409.940685 418.635812 7.643679 
215.585585 423.276839 227.341353 426.328479 2.924499 
427.098912 148.146693 428.790185 130.689444 2.247276 
440.445703 135.609718 439.167429 150.607308 4.054918 
287.879716 434.760850 275.257419 426.736888 5.600453 
451.929527 168.326898 461.879007 165.639838 4.598029 
426.235394 131.793457 423.863203 150.400389 4.060753 
435.827096 150.601805 433.529030 130.578629 4.438180 
208.775340 376.032314 196.484940 390.124966 14.229731 
406.885546 460.945398 370.612203 460.769892 6.201543 
285.643283 454.857321 241.858578 453.814574 4.641758 
309.939766 344.379257 309.964515 355.629203 3.766484 
339.828437 371.336921 345.088156 377.221977 6.127950 
301.324910 327.592134 305.223951 344.175395 14.243300 
407.673062 404.585212 420.572962 355.611293 6.739806 
353.259383 407.702405 343.131784 394.047040 6.024037 
274.459832 424.951274 250.673262 428.452850 6.403075 
370.450985 173.068879 373.843296 162.550384 3.568982 
375.825201 174.651581 372.517017 191.997445 8.595079 
204.561747 275.831184 234.789747 248.452811 6.117144 
268.374096 358.562749 260.535503 357.615939 4.163607 
326.841663 440.823728 356.925889 440.387923 10.270538 
358.870917 435.756842 354.572745 419.323280 4.372280 
414.492444 446.553380 424.352412 446.215611 6.289132 
234.286750 246.879254 269.426534 214.331106 6.119004 
268.982320 214.674597 305.636395 194.395597 6.840890 
375.921460 146.830176 367.860802 152.766242 4.109467 
411.909800 445.172265 405.066402 434.741484 6.237654 
405.156491 145.681458 403.635935 133.063429 3.229800 
352.381897 203.109543 352.728108 214.463335 8.822132 
471.843684 191.046801 463.130042 184.368421 4.562342 
385.529616 103.262211 401.172039 114.136220 4.418347 
401.961443 274.210364 420.309957 283.844311 6.059250 
367.625383 130.767089 363.304519 115.573946 2.404646 
393.462734 184.406603 392.872120 190.718305 6.222815 
160.553561 412.190778 170.590456 411.423267 2.961985 
184.339950 305.599383 207.336203 274.134917 5.977913 
167.577453 348.491181 176.887490 330.631511 6.308768 
174.976707 329.037454 186.828357 304.986061 5.037559 
148.281355 408.776306 160.288839 411.912184 6.994748 
478.239999 259.438481 476.342659 225.514949 5.751624 
266.837105 288.393164 264.808774 269.197086 5.952702 
226.902243 363.813057 216.865233 363.326462 3.927188 
366.014324 92.390074 380.312680 99.964566 1.530321 
421.656760 295.813954 409.496916 281.769444 2.901425 
299.393877 452.696382 286.843051 452.984825 6.363230 
482.772794 124.465391 484.108442 148.140038 4.710426 
205.615045 368.817826 225.630989 368.460216 2.745223 
233.098468 473.264981 265.639632 472.487169 4.077494 
487.059975 159.387855 484.800113 191.904545 6.114602 
303.734286 194.383988 345.587436 184.220313 7.097548 
405.641477 112.116379 433.183791 110.236243 3.741293 
276.956558 319.212105 270.133855 304.033890 6.328187 
156.364267 346.509134 164.589756 348.477629 5.735481 
266.015481 269.405529 250.185348 258.780002 4.194050 
485.458815 148.152343 487.326916 159.506311 4.730729 
315.624993 470.617560 290.625016 470.641391 2.507148 
318.559824 363.077527 319.653463 373.094598 6.484412 
463.602861 293.835660 477.567914 259.881756 7.057561 
442.413773 112.483921 454.468490 101.817913 1.761794 
363.458260 114.385172 363.841779 101.820569 3.557569 
232.981589 324.403780 229.749961 308.300605 5.144025 
270.850445 251.797477 271.446798 263.147499 4.497565 
287.625512 250.682675 287.374458 243.067326 5.244402 
476.100256 224.761746 482.121760 197.900106 6.224682 
286.730549 242.303983 284.190473 234.047222 4.319320 
320.206220 254.410484 319.145721 241.894427 4.876612 
387.517235 117.574061 380.770110 111.708092 8.243602 
480.345728 93.045608 481.800689 110.835542 5.617850 
386.002502 389.343859 385.380418 356.831845 12.641191 
25.924263 484.820043 32.848946 476.641275 3.044688 
318.251327 229.054949 321.121373 218.978443 5.661041 
175.648265 472.565020 155.628877 473.239995 6.120087 
467.865906 182.316729 475.628149 186.869632 2.975475 
137.498542 355.220061 149.984563 346.007042 6.562286 
326.411027 357.547423 335.163448 369.458630 12.293492 
363.972202 144.416612 364.465196 134.379430 2.926244 
493.983906 474.275074 490.379609 488.381682 2.159954 
361.874841 470.671568 321.875308 470.534798 3.762800 
320.236905 278.125916 320.262150 254.373286 6.268596 
424.423248 214.086618 414.085225 212.356989 6.370588 
130.326206 389.553793 136.893737 354.613477 6.909098 
279.851312 347.950566 278.225942 331.864800 3.840676 
479.690963 183.644824 473.963704 173.353900 8.253566 
486.638222 474.078938 473.278196 488.269233 2.623822 
158.238478 396.064010 149.733620 398.262390 6.948515 
358.042231 446.926481 324.194684 449.263976 5.115599 
472.606354 156.446759 478.881704 167.163848 3.867669 
203.332163 388.948709 201.246439 424.630526 24.738572 
153.185100 472.678045 135.503485 474.001336 3.273097 
193.302037 472.099077 176.839123 474.076275 5.858650 
356.482381 229.044174 353.626150 243.225932 6.126972 
389.234496 360.878749 386.383983 345.258387 11.740440 
191.835725 334.372696 192.794178 318.032276 5.137808 
422.026649 358.774622 430.829645 342.670134 4.986879 
482.945858 154.502452 473.090238 140.649732 4.504861 
316.304961 355.944481 319.866878 362.299893 6.195079 
215.625659 451.913625 176.844294 452.575318 4.047998 
248.590185 266.982437 250.964758 284.328489 2.985509 
323.226301 449.518743 299.420357 451.249032 4.736896 
166.736958 389.227465 160.909953 394.679548 4.622529 
312.431876 488.422805 317.460482 479.019631 3.347982 
182.954148 396.915996 186.493536 411.666596 5.153650 
446.206123 324.093384 459.542881 298.874843 6.757461 
392.751911 431.757046 387.521171 392.869944 8.171987 
208.341707 293.317241 231.832235 266.837063 4.464316 
414.372414 398.095879 613.126818 398.516820 5.066173 
315.581103 442.674475 325.728357 441.685774 3.974765 
136.205031 449.381568 136.371017 403.132164 5.156983 
0.623086 396.990758 129.374829 396.773486 3.796402 
174.354481 453.733227 150.631480 452.932906 2.414286 
431.696934 342.994797 446.612065 322.596745 5.707092 
184.999274 430.893884 180.974915 440.237320 2.949638 
460.636508 471.234858 444.363928 471.335546 3.842740 
292.324868 394.344308 293.043043 375.621856 1.680303 
388.213974 207.257803 379.354053 207.740593 3.472391 
181.747871 446.738333 187.592019 441.302033 2.844353 
625.635914 470.273429 610.611589 469.807033 1.598461 
681.864763 398.919967 704.377126 399.209875 2.644655 
640.622662 398.623178 656.872304 398.699438 1.320381 
720.627871 399.490177 735.649696 399.115730 1.250000 
